1780692159031 0.00036292666666666666 0
1780692179414 0.000718741452 1
1780692199048 0.0010598910373333333 2
1780692219171 0.0010450066 3
1780692239878 0.0010230088 4
1780692261568 0.001001011 5
1780692281690 0.0009790132 6
1780692301865 0.0009570153999999999 7
1780692321730 0.0009350176 8
1780692341901 0.0009130198000000001 9
1780692361162 0.0008910220000000001 10
1780692380815 0.0008690242 11
1780692400826 0.0008470264 12
1780692420896 0.0008250286000000001 13
1780692442200 0.0008030308 14
1780692464105 0.000781033 15
1780692485913 0.0007590351999999999 16
1780692510971 0.0007370373999999999 17
1780692534333 0.0007150396000000001 18
1780692557346 0.0006930418 19
1780692581246 0.000671044 20
1780692604194 0.0006490462000000001 21
1780692626027 0.0006270484 22
1780692649703 0.0006050506000000001 23
1780692669426 0.0005830528000000001 24
1780692689241 0.000561055 25
1780692709219 0.0005390572 26
1780692729145 0.0005170594 27
1780692748666 0.0004950616 28
1780692769019 0.0004730638000000001 29
1780692792925 0.000451066 30
1780692815151 0.00042906819999999997 31
1780692837491 0.0004070704 32
1780692860109 0.00038507259999999996 33
1780692883412 0.00036307479999999996 34
1780692907963 0.00034107700000000007 35
1780692931159 0.0003190792 36
1780692954674 0.0002970814 37
1780692978843 0.0002750836 38
1780693002792 0.00025308579999999995 39
1780693081146 0.00023108799999999995 40
1780693100752 0.00020909020000000006 41
1780693119942 0.00018709240000000006 42
1780693139094 0.0001650946 43
1780693158381 0.0001430968 44
1780693177508 0.00012109899999999997 45
1780693196693 9.910119999999996e-05 46
1780693215676 7.710340000000005e-05 47
1780693234729 5.5105600000000044e-05 48
1780693254095 3.310780000000002e-05 49
