1780692159031 2.00666 0
1780692179414 1.93035 1
1780692199048 1.87506 2
1780692219171 1.83891 3
1780692239878 1.83804 4
1780692261568 1.81379 5
1780692281690 1.79906 6
1780692301865 1.74677 7
1780692321730 1.7628 8
1780692341901 1.75952 9
1780692361162 1.7335 10
1780692380815 1.74948 11
1780692400826 1.71354 12
1780692420896 1.73019 13
1780692442200 1.71571 14
1780692464105 1.68596 15
1780692485913 1.70094 16
1780692510971 1.67456 17
1780692534333 1.69643 18
1780692557346 1.66719 19
1780692581246 1.65415 20
1780692604194 1.64383 21
1780692626027 1.64909 22
1780692649703 1.63339 23
1780692669426 1.65 24
1780692689241 1.61461 25
1780692709219 1.61545 26
1780692729145 1.60772 27
1780692748666 1.6046 28
1780692769019 1.60169 29
1780692792925 1.58983 30
1780692815151 1.59308 31
1780692837491 1.56363 32
1780692860109 1.5619 33
1780692883412 1.57024 34
1780692907963 1.55732 35
1780692931159 1.53155 36
1780692954674 1.53037 37
1780692978843 1.52804 38
1780693002792 1.52053 39
1780693081146 1.53035 40
1780693100752 1.49459 41
1780693119942 1.49177 42
1780693139094 1.48303 43
1780693158381 1.47326 44
1780693177508 1.45112 45
1780693196693 1.45323 46
1780693215676 1.44926 47
1780693234729 1.43734 48
1780693254095 1.42648 49
