1780692159031 3.25692 0
1780692179414 2.15688 1
1780692199048 1.89377 2
1780692219171 1.76329 3
1780692239878 1.73793 4
1780692261568 1.70027 5
1780692281690 1.63805 6
1780692301865 1.55697 7
1780692321730 1.53376 8
1780692341901 1.53339 9
1780692361162 1.48143 10
1780692380815 1.47159 11
1780692400826 1.41341 12
1780692420896 1.4341 13
1780692442200 1.39419 14
1780692464105 1.35675 15
1780692485913 1.36069 16
1780692510971 1.3132 17
1780692534333 1.32448 18
1780692557346 1.28699 19
1780692581246 1.2738 20
1780692604194 1.26277 21
1780692626027 1.23857 22
1780692649703 1.25757 23
1780692669426 1.22895 24
1780692689241 1.21768 25
1780692709219 1.21105 26
1780692729145 1.15347 27
1780692748666 1.19442 28
1780692769019 1.16133 29
1780692792925 1.14191 30
1780692815151 1.15254 31
1780692837491 1.13531 32
1780692860109 1.11032 33
1780692883412 1.10576 34
1780692907963 1.08256 35
1780692931159 1.07376 36
1780692954674 1.04987 37
1780692978843 1.05764 38
1780693002792 1.0241 39
1780693081146 0.99417 40
1780693100752 0.95406 41
1780693119942 0.93592 42
1780693139094 0.9224 43
1780693158381 0.91341 44
1780693177508 0.88579 45
1780693196693 0.88767 46
1780693215676 0.88952 47
1780693234729 0.87319 48
1780693254095 0.87114 49
