1780692159031 1.73893 0
1780692179414 1.65242 1
1780692199048 1.61622 2
1780692219171 1.56967 3
1780692239878 1.57999 4
1780692261568 1.54704 5
1780692281690 1.5395 6
1780692301865 1.51399 7
1780692321730 1.51665 8
1780692341901 1.5148 9
1780692361162 1.49563 10
1780692380815 1.5073 11
1780692400826 1.49178 12
1780692420896 1.48908 13
1780692442200 1.47671 14
1780692464105 1.46241 15
1780692485913 1.4603 16
1780692510971 1.44967 17
1780692534333 1.46082 18
1780692557346 1.43585 19
1780692581246 1.44873 20
1780692604194 1.42729 21
1780692626027 1.43046 22
1780692649703 1.4403 23
1780692669426 1.43085 24
1780692689241 1.41416 25
1780692709219 1.42198 26
1780692729145 1.40257 27
1780692748666 1.42701 28
1780692769019 1.39693 29
1780692792925 1.39 30
1780692815151 1.3998 31
1780692837491 1.39211 32
1780692860109 1.39438 33
1780692883412 1.38063 34
1780692907963 1.37491 35
1780692931159 1.34995 36
1780692954674 1.35784 37
1780692978843 1.37083 38
1780693002792 1.34983 39
1780693081146 1.39925 40
1780693100752 1.38585 41
1780693119942 1.37801 42
1780693139094 1.37559 43
1780693158381 1.36404 44
1780693177508 1.35344 45
1780693196693 1.35156 46
1780693215676 1.35445 47
1780693234729 1.34452 48
1780693254095 1.3365 49
