1780692161351 0.13431 0
1780692182078 0.2818 1
1780692201763 0.40941 2
1780692222207 0.40323 3
1780692243429 0.48246 4
1780692264322 0.45766 5
1780692284420 0.48931 6
1780692304787 0.47952 7
1780692324280 0.48244 8
1780692344399 0.51057 9
1780692363809 0.54685 10
1780692383647 0.54993 11
1780692403501 0.55033 12
1780692423999 0.53907 13
1780692445627 0.55822 14
1780692467663 0.54662 15
1780692489299 0.54942 16
1780692515265 0.51148 17
1780692537691 0.57359 18
1780692561722 0.59965 19
1780692585645 0.59431 20
1780692607358 0.60145 21
1780692629508 0.60251 22
1780692652477 0.6065 23
1780692672040 0.60318 24
1780692691805 0.61993 25
1780692711877 0.61451 26
1780692731596 0.60474 27
1780692751279 0.62855 28
1780692771578 0.63821 29
1780692796250 0.61616 30
1780692818458 0.64044 31
1780692840989 0.62445 32
1780692863929 0.63309 33
1780692888467 0.61528 34
1780692911621 0.62467 35
1780692934486 0.62029 36
1780692958311 0.64591 37
1780692982694 0.64742 38
1780693007055 0.64171 39
1780693083749 0.63456 40
1780693103341 0.64682 41
1780693122681 0.65139 42
1780693141790 0.65126 43
1780693160926 0.65537 44
1780693180091 0.65144 45
1780693199244 0.65745 46
1780693218266 0.65483 47
1780693237599 0.65508 48
1780693256724 0.65858 49
1780693261677 0.6554078375442489 50
