1780692161351 0.06295 0
1780692182078 0.11674 1
1780692201763 0.1536 2
1780692222207 0.16004 3
1780692243429 0.20095 4
1780692264322 0.18515 5
1780692284420 0.20551 6
1780692304787 0.20191 7
1780692324280 0.20462 8
1780692344399 0.21478 9
1780692363809 0.23626 10
1780692383647 0.23693 11
1780692403501 0.2379 12
1780692423999 0.22562 13
1780692445627 0.2468 14
1780692467663 0.24157 15
1780692489299 0.23364 16
1780692515265 0.22315 17
1780692537691 0.25178 18
1780692561722 0.2695 19
1780692585645 0.25826 20
1780692607358 0.25619 21
1780692629508 0.27422 22
1780692652477 0.27604 23
1780692672040 0.26374 24
1780692691805 0.27771 25
1780692711877 0.27232 26
1780692731596 0.27323 27
1780692751279 0.28389 28
1780692771578 0.28061 29
1780692796250 0.27182 30
1780692818458 0.28935 31
1780692840989 0.28035 32
1780692863929 0.28849 33
1780692888467 0.27973 34
1780692911621 0.28511 35
1780692934486 0.28415 36
1780692958311 0.29357 37
1780692982694 0.30232 38
1780693007055 0.28732 39
1780693083749 0.2909 40
1780693103341 0.28959 41
1780693122681 0.29673 42
1780693141790 0.29854 43
1780693160926 0.30444 44
1780693180091 0.29773 45
1780693199244 0.30024 46
1780693218266 0.3033 47
1780693237599 0.29776 48
1780693256724 0.30152 49
1780693261677 0.30446409161742527 50
