1780692161351 0.34783 0
1780692182078 0.27655 1
1780692201763 0.45781 2
1780692222207 0.40096 3
1780692243429 0.47691 4
1780692264322 0.48042 5
1780692284420 0.53422 6
1780692304787 0.53562 7
1780692324280 0.48926 8
1780692344399 0.55268 9
1780692363809 0.58418 10
1780692383647 0.54877 11
1780692403501 0.53419 12
1780692423999 0.71581 13
1780692445627 0.5887 14
1780692467663 0.5194 15
1780692489299 0.50551 16
1780692515265 0.52563 17
1780692537691 0.61989 18
1780692561722 0.56509 19
1780692585645 0.56675 20
1780692607358 0.69246 21
1780692629508 0.57386 22
1780692652477 0.62882 23
1780692672040 0.58187 24
1780692691805 0.5346 25
1780692711877 0.57984 26
1780692731596 0.67285 27
1780692751279 0.60291 28
1780692771578 0.70965 29
1780692796250 0.60269 30
1780692818458 0.58455 31
1780692840989 0.5663 32
1780692863929 0.60149 33
1780692888467 0.56311 34
1780692911621 0.60511 35
1780692934486 0.60485 36
1780692958311 0.67489 37
1780692982694 0.66328 38
1780693007055 0.56581 39
1780693083749 0.61484 40
1780693103341 0.60445 41
1780693122681 0.62746 42
1780693141790 0.58939 43
1780693160926 0.64896 44
1780693180091 0.62213 45
1780693199244 0.63634 46
1780693218266 0.63207 47
1780693237599 0.63837 48
1780693256724 0.64214 49
1780693261677 0.6454450670157841 50
