1780692161351 0.14765 0
1780692182078 0.22957 1
1780692201763 0.41652 2
1780692222207 0.4647 3
1780692243429 0.52281 4
1780692264322 0.50777 5
1780692284420 0.51535 6
1780692304787 0.50066 7
1780692324280 0.4841 8
1780692344399 0.50777 9
1780692363809 0.49891 10
1780692383647 0.54326 11
1780692403501 0.57339 12
1780692423999 0.52259 13
1780692445627 0.5599 14
1780692467663 0.55976 15
1780692489299 0.53196 16
1780692515265 0.5315 17
1780692537691 0.5259 18
1780692561722 0.60894 19
1780692585645 0.53956 20
1780692607358 0.58389 21
1780692629508 0.60866 22
1780692652477 0.56144 23
1780692672040 0.59413 24
1780692691805 0.65029 25
1780692711877 0.6267 26
1780692731596 0.59775 27
1780692751279 0.625 28
1780692771578 0.58934 29
1780692796250 0.5982 30
1780692818458 0.63952 31
1780692840989 0.66087 32
1780692863929 0.64566 33
1780692888467 0.6629 34
1780692911621 0.62149 35
1780692934486 0.57855 36
1780692958311 0.59761 37
1780692982694 0.60867 38
1780693007055 0.67359 39
1780693083749 0.61877 40
1780693103341 0.65371 41
1780693122681 0.64469 42
1780693141790 0.66863 43
1780693160926 0.66669 44
1780693180091 0.65497 45
1780693199244 0.65073 46
1780693218266 0.64453 47
1780693237599 0.63016 48
1780693256724 0.62971 49
1780693261677 0.6680283356872865 50
